Receiving idle characters in a row counter  A2 77 02 49 01 02 03 04 05 06 07 08 C2 16

68 05 05 68 04 02 7D 00 00 83 16

DC 02 02 
68 05 05 68 04 02 7D 00 00 83 16 
68 09 09 68 02 04 08 00 00 00 00 00 00 0E 16 
10 77 02 49 C2 16 
DC 02 02 
68 05 05 68 04 02 5D 00 00 63 16 
68 09 09 68 02 04 08 00 00 00 00 00 00 0E 16 
10 78 02 49 C3 16 
DC 02 02 
68 05 05 68 04 02 7D 00 00 83 16 
68 09 09 68 02 04 08 00 00 00 00 00 00 0E 16 
10 79 02 49 C4 16 
DC 02 02 
68 05 05 68 04 02 5D 00 00 63 16 
68 09 09 68 02 04 08 00 00 00 00 00 00 0E 16 
10 7A 02 49 C5 16 
DC 02 02 
68 05 05 68 04 02 7D 00 00 83 16 
68 09 09 68 02 04 08 00 00 00 00 00 00 0E 16 
10 7B 02 49 C6 16 
DC 02 02 
68 05 05 68 04 02 5D 00 00 63 16 
68 09 09 68 02 04 08 00 00 00 00 00 00 0E 16 
10 7C 02 49 C7 16 
DC 02 02 
68 05 05 68 04 02 7D 00 00 83 16 
68 09 09 68 02 04 08 00 00 00 00 00 00 0E 16 
10 7D 02 49 C8 16 
DC 02 02 
68 05 05 68 04 02 5D 00 00 63 16 
68 09 09 68 02 04 08 00 00 00 00 00 00 0E 16 10 7E 02 49 C9 16 DC 02 02 68 05 05 68 04 02 7D 00 00 83 16 68 09 09 68 02 04 08 00 00 00 00 00 00 0E 16 10 00 02 49 4B 16 DC 02 02 68 05 05 68 04 02 5D 00 00 63 16 68 09 09 68 02 04 08 00 00 00 00 00 00 0E 16 10 01 02 49 4C 16 DC 02 02 68 05 05 68 04 02 7D 00 00 83 16 68 09 09 68 02 04 08 00 00 00 00 00 00 0E 16 DC 02 02 68 05 05 68 04 02 5D 00 00 63 16 68 09 09 68 02 04 08 00 00 00 00 00 00 0E 16 10 03 02 49 4E 16 DC 02 02 68 05 05 68 04 02 7D 00 00 83 16 68 09 09 68 02 04 08 00 00 00 00 00 00 0E 16 10 04 02 49 4F 16 10 02 04 00 06 16 DC 02 02 68 05 05 68 04 02 5D 00 00 63 16 68 09 09 68 02 04 08 00 00 00 00 00 00 0E 16 10 05 02 49 50 16 DC 02 02 68 05 05 68 04 02 7D 00 00 83 16 68 09 09 68 02 04 08 00 00 00 00 00 00 0E 16 10 06 02 49 51 16 DC 02 02 68 05 05 68 04 02 5D 00 00 63 16 68 09 09 68 02 04 08 00 00 00 00 00 00 0E 16 10 07 02 49 52 16 DC 02 02 68 05 05 68 04 02 7D 00 00 83 16 68 09 09 68 02 04 08 00 00 00 00 00 00 0E 16 10 08 02 49 53 16 DC 02 02 68 05 05 68 04 02 5D 00 00 63 16 68 09 09 68 02 04 08 00 00 00 00 00 00 0E 16 10 09 02 49 54 16 DC 02 02 68 05 05 68 04 02 7D 00 00 83 16 68 09 09 68 02 04 08 00 00 00 00 00 00 0E 16 10 0A 02 49 55 16 DC 02 02 68 05 05 68 04 02 5D 00 00 63 16 68 09 09 68 02 04 08 00 00 00 00 00 00 0E 16 10 0B 02 49 56 16 DC 02 02 68 05 05 68 04 02 7D 00 00 83 16 68 09 09 68 02 04 08 00 00 00 00 00 00 0E 16 10 0C 02 49 57 16 DC 02 02 68 05 05 68 04 02 5D 00 00 63 16 68 09 09 68 02 04 08 00 00 00 00 00 00 0E 16 10 0D 02 49 58 16 DC 02 02 68 05 05 68 04 02 7D 00 00 83 16 68 09 09 68 02 04 08 00 00 00 00 00 00 0E 16 10 0E 02 49 59 16 DC 02 02 68 05 05 68 04 02 5D 00 00 63 16 68 09 09 68 02 04 08 00 00 00 00 00 00 0E 16 10 0F 02 49 5A 16 DC 02 02 68 05 05 68 04 02 7D 00 00 83 16 68 09 09 68 02 04 08 00 00 00 00 00 00 0E 16 10 10 02 49 5B 16 DC 02 02 68 05 05 68 04 02 5D 00 00 63 16 68 09 09 68 02 04 08 00 00 00 00 00 00 0E 16 10 11 02 49 5C 16 DC 02 02 68 05 05 68 04 02 7D 00 00 83 16 68 09 09 68 02 04 08 00 00 00 00 00 00 0E 16 10 12 02 49 5D 16 DC 02 02 68 05 05 68 04 02 5D 00 00 63 16 68 09 09 68 02 04 08 00 00 00 00 00 00 0E 16 10 13 02 49 5E 16 DC 02 02 68 05 05 68 04 02 7D 00 00 83 16 68 09 09 68 02 04 08 00 00 00 00 00 00 0E 16 10 14 02 49 5F 16 DC 02 02 68 05 05 68 04 02 5D 00 00 63 16 68 09 09 68 02 04 08 00 00 00 00 00 00 0E 16 10 15 02 49 60 16 DC 02 02 68 05 05 68 04 02 7D 00 00 83 16 68 09 09 68 02 04 08 00 00 00 00 00 00 0E 16 10 16 02 49 61 16 DC 02 02 68 05 05 68 04 02 5D 00 00 63 16 68 09 09 68 02 04 08 00 00 00 00 00 00 0E 16 10 17 02 49 62 16 DC 02 02 68 05 05 68 04 02 7D 00 00 83 16 68 09 09 68 02 04 08 00 00 00 00 00 00 0E 16 10 18 02 49 63 16 DC 02 02 68 05 05 68 04 02 5D 00 00 63 16 68 09 09 68 02 04 08 00 00 00 00 00 00 0E 16 10 19 02 49 64 16 DC 02 02 68 05 05 68 04 02 7D 00 00 83 16 68 09 09 68 02 04 08 00 00 00 00 00 00 0E 16 10 1A 02 49 65 16 DC 02 02 68 05 05 68 04 02 5D 00 00 63 16 68 09 09 68 02 04 08 00 00 00 00 00 00 0E 16 10 1B 02 49 66 16 DC 02 02 68 05 05 68 04 02 7D 00 00 83 16 68 09 09 68 02 04 08 00 00 00 00 00 00 0E 16 10 1C 02 49 67 16 DC 02 02 68 05 05 68 04 02 5D 00 00 63 16 68 09 09 68 02 04 08 00 00 00 00 00 00 0E 16 10 1D 02 49 68 16 DC 02 02 68 05 05 68 04 02 7D 00 00 83 16 68 09 09 68 02 04 08 00 00 00 00 00 00 0E 16 68 43 43 68 FF 82 44 3F 3E 01 02 00 01 1E 01 00 01 00 FF 02 00 00 64 00 0B 00 3C 00 01 00 55 00 00 0A 7E 01 02 02 A2 77 4C 02 A2 1C 02 00 01 00 00 02 00 00 00 00 01 D8 00 00 02 00 FF 01 00 00 00 00 00 00 00 00 00 FA 16 10 1E 02 49 69 16 DC 02 02 68 05 05 68 04 02 5D 00 00 63 16 68 09 09 68 02 04 08 00 00 00 00 00 00 0E 16 10 1F 02 49 6A 16 DC 02 02 68 05 05 68 04 02 7D 00 00 83 16 68 09 09 68 02 04 08 00 00 00 00 00 00 0E 16 10 20 02 49 6B 16 DC 02 02 68 05 05 68 04 02 5D 00 00 63 16 68 09 09 68 02 04 08 00 00 00 00 00 00 0E 16 10 21 02 49 6C 16 DC 02 02 68 05 05 68 04 02 7D 00 00 83 16 68 09 09 68 02 04 08 00 00 00 00 00 00 0E 16 10 22 02 49 6D 16 DC 02 02 68 05 05 68 04 02 5D 00 00 63 16 68 09 09 68 02 04 08 00 00 00 00 00 00 0E 16 10 23 02 49 6E 16 DC 02 02 68 05 05 68 04 02 7D 00 00 83 16 68 09 09 68 02 04 08 00 00 00 00 00 00 0E 16 10 24 02 49 6F 16 DC 02 02 68 05 05 68 04 02 5D 00 00 63 16 68 09 09 68 02 04 08 00 00 00 00 00 00 0E 16 10 25 02 49 70 16 DC 02 02 68 05 05 68 04 02 7D 00 00 83 16 68 09 09 68 02 04 08 00 00 00 00 00 00 0E 16 10 26 02 49 71 16 DC 02 02 68 05 05 68 04 02 5D 00 00 63 16 68 09 09 68 02 04 08 00 00 00 00 00 00 0E 16 10 27 02 49 72 16 DC 02 02 68 05 05 68 04 02 7D 00 00 83 16 68 09 09 68 02 04 08 00 00 00 00 00 00 0E 16 10 28 02 49 73 16 DC 02 02 68 05 05 68 04 02 5D 00 00 63 16 68 09 09 68 02 04 08 00 00 00 00 00 00 0E 16 10 29 02 49 74 16 DC 02 02 68 05 05 68 04 02 7D 00 00 83 16 68 09 09 68 02 04 08 00 00 00 00 00 00 0E 16 10 2A 02 49 75 16 DC 02 02 68 05 05 68 04 02 5D 00 00 63 16 68 09 09 68 02 04 08 00 00 00 00 00 00 0E 16 10 2B 02 49 76 16 DC 02 02 68 05 05 68 04 02 7D 00 00 83 16 68 09 09 68 02 04 08 00 00 00 00 00 00 0E 16 10 2C 02 49 77 16 DC 02 02 68 05 05 68 04 02 5D 00 00 63 16 68 09 09 68 02 04 08 00 00 00 00 00 00 0E 16 10 2D 02 49 78 16 DC 02 02 68 05 05 68 04 02 7D 00 00 83 16 68 09 09 68 02 04 08 00 00 00 00 00 00 0E 16 10 2E 02 49 79 16 DC 02 02 68 05 05 68 04 02 5D 00 00 63 16 68 09 09 68 02 04 08 00 00 00 00 00 00 0E 16 10 2F 02 49 7A 16 DC 02 02 68 05 05 68 04 02 7D 00 00 83 16 68 09 09 68 02 04 08 00 00 00 00 00 00 0E 16 10 30 02 49 7B 16 DC 02 02 68 05 05 68 04 02 5D 00 00 63 16 68 09 09 68 02 04 08 00 00 00 00 00 00 0E 16 10 31 02 49 7C 16 DC 02 02 68 05 05 68 04 02 7D 00 00 83 16 68 09 09 68 02 04 08 00 00 00 00 00 00 0E 16 10 32 02 49 7D 16 DC 02 02 68 05 05 68 04 02 5D 00 00 63 16 68 09 09 68 02 04 08 00 00 00 00 00 00 0E 16 10 33 02 49 7E 16 DC 02 02 68 05 05 68 04 02 7D 00 00 83 16 68 09 09 68 02 04 08 00 00 00 00 00 00 0E 16 10 34 02 49 7F 16 DC 02 02 68 05 05 68 04 02 5D 00 00 63 16 68 09 09 68 02 04 08 00 00 00 00 00 00 0E 16 10 35 02 49 80 16 DC 02 02 68 05 05 68 04 02 7D 00 00 83 16 68 09 09 68 02 04 08 00 00 00 00 00 00 0E 16 10 36 02 49 81 16 DC 02 02 68 05 05 68 04 02 5D 00 00 63 16 68 09 09 68 02 04 08 00 00 00 00 00 00 0E 16 10 37 02 49 82 16 DC 02 02 68 05 05 68 04 02 7D 00 00 83 16 68 09 09 68 02 04 08 00 00 00 00 00 00 0E 16 10 38 02 49 83 16 DC 02 02 68 05 05 68 04 02 5D 00 00 63 16 68 09 09 68 02 04 08 00 00 00 00 00 00 0E 16 10 39 02 49 84 16 DC 02 02 68 05 05 68 04 02 7D 00 00 83 16 68 09 09 68 02 04 08 00 00 00 00 00 00 0E 16 10 3A 02 49 85 16 DC 02 02 68 05 05 68 04 02 5D 00 00 63 16 68 09 09 68 02 04 08 00 00 00 00 00 00 0E 16 10 3B 02 49 86 16 DC 02 02 68 05 05 68 04 02 7D 00 00 83 16 68 09 09 68 02 04 08 00 00 00 00 00 00 0E 16 10 3C 02 49 87 16 DC 02 02 68 05 05 68 04 02 5D 00 00 63 16 68 09 09 68 02 04 08 00 00 00 00 00 00 0E 16 10 3D 02 49 88 16 DC 02 02 68 05 05 68 04 02 7D 00 00 83 16 68 09 09 68 02 04 08 00 00 00 00 00 00 0E 16 10 3E 02 49 89 16 DC 02 02 68 05 05 68 04 02 5D 00 00 63 16 68 09 09 68 02 04 08 00 00 00 00 00 00 0E 16 10 3F 02 49 8A 16 DC 02 02 68 05 05 68 04 02 7D 00 00 83 16 68 09 09 68 02 04 08 00 00 00 00 00 00 0E 16 10 40 02 49 8B 16 DC 02 02 68 05 05 68 04 02 5D 00 00 63 16 68 09 09 68 02 04 08 00 00 00 00 00 00 0E 16 10 41 02 49 8C 16 DC 02 02 68 05 05 68 04 02 7D 00 00 83 16 68 09 09 68 02 04 08 00 00 00 00 00 00 0E 16 10 42 02 49 8D 16 DC 02 02 68 05 05 68 04 02 5D 00 00 63 16 68 09 09 68 02 04 08 00 00 00 00 00 00 0E 16 10 43 02 49 8E 16 DC 02 02 68 05 05 68 04 02 7D 00 00 83 16 68 09 09 68 02 04 08 00 00 00 00 00 00 0E 16 10 44 02 49 8F 16 DC 02 02 68 05 05 68 04 02 5D 00 00 63 16 68 09 09 68 02 04 08 00 00 00 00 00 00 0E 16 10 45 02 49 90 16 DC 02 02 